C  0
S   6 1.0
     4563.240000000      0.778201757
      682.024000000      1.448694805
      154.973000000      2.383089332
       44.455300000      3.200089012
       13.029000000      3.013004438
        1.827730000      0.247598633
S   3 1.0
       20.964200000      0.800628519
        4.803310000      2.127419891
        1.459330000     -0.002867911
P   3 1.0
       20.964200000      2.573592215
        4.803310000      2.408248223
        1.459330000      1.865281334
S   1 1.0
        0.483456000      0.413216646
P   1 1.0
        0.483456000      0.574627334
S   1 1.0
        0.145585000      0.167976128
P   1 1.0
        0.145585000      0.128184607
D   1 1.0
        0.626000000      1.255958145
****
C  0
S   6 1.0
     4563.240000000      0.778201757
      682.024000000      1.448694805
      154.973000000      2.383089332
       44.455300000      3.200089012
       13.029000000      3.013004438
        1.827730000      0.247598633
S   3 1.0
       20.964200000      0.800628519
        4.803310000      2.127419891
        1.459330000     -0.002867911
P   3 1.0
       20.964200000      2.573592215
        4.803310000      2.408248223
        1.459330000      1.865281334
S   1 1.0
        0.483456000      0.413216646
P   1 1.0
        0.483456000      0.574627334
S   1 1.0
        0.145585000      0.167976128
P   1 1.0
        0.145585000      0.128184607
D   1 1.0
        0.626000000      1.255958145
****
C  0
S   6 1.0
     4563.240000000      0.778201757
      682.024000000      1.448694805
      154.973000000      2.383089332
       44.455300000      3.200089012
       13.029000000      3.013004438
        1.827730000      0.247598633
S   3 1.0
       20.964200000      0.800628519
        4.803310000      2.127419891
        1.459330000     -0.002867911
P   3 1.0
       20.964200000      2.573592215
        4.803310000      2.408248223
        1.459330000      1.865281334
S   1 1.0
        0.483456000      0.413216646
P   1 1.0
        0.483456000      0.574627334
S   1 1.0
        0.145585000      0.167976128
P   1 1.0
        0.145585000      0.128184607
D   1 1.0
        0.626000000      1.255958145
****
N  0
S   6 1.0
     6293.480000000      0.991968210
      949.044000000      1.823239730
      218.776000000      2.979890641
       63.691600000      4.000007027
       18.828200000      3.881007690
        2.720230000      0.386764334
S   3 1.0
       30.633100000      1.038501157
        7.026140000      2.834794405
        2.112050000     -0.003208003
P   3 1.0
       30.633100000      3.935615619
        7.026140000      3.870994023
        2.112050000      2.967270758
S   1 1.0
        0.684009000      0.536051424
P   1 1.0
        0.684009000      0.886680909
S   1 1.0
        0.200878000      0.213850059
P   1 1.0
        0.200878000      0.191692693
D   1 1.0
        0.913000000      2.431050297
****
C  0
S   6 1.0
     4563.240000000      0.778201757
      682.024000000      1.448694805
      154.973000000      2.383089332
       44.455300000      3.200089012
       13.029000000      3.013004438
        1.827730000      0.247598633
S   3 1.0
       20.964200000      0.800628519
        4.803310000      2.127419891
        1.459330000     -0.002867911
P   3 1.0
       20.964200000      2.573592215
        4.803310000      2.408248223
        1.459330000      1.865281334
S   1 1.0
        0.483456000      0.413216646
P   1 1.0
        0.483456000      0.574627334
S   1 1.0
        0.145585000      0.167976128
P   1 1.0
        0.145585000      0.128184607
D   1 1.0
        0.626000000      1.255958145
****
C  0
S   6 1.0
     4563.240000000      0.778201757
      682.024000000      1.448694805
      154.973000000      2.383089332
       44.455300000      3.200089012
       13.029000000      3.013004438
        1.827730000      0.247598633
S   3 1.0
       20.964200000      0.800628519
        4.803310000      2.127419891
        1.459330000     -0.002867911
P   3 1.0
       20.964200000      2.573592215
        4.803310000      2.408248223
        1.459330000      1.865281334
S   1 1.0
        0.483456000      0.413216646
P   1 1.0
        0.483456000      0.574627334
S   1 1.0
        0.145585000      0.167976128
P   1 1.0
        0.145585000      0.128184607
D   1 1.0
        0.626000000      1.255958145
****
C  0
S   6 1.0
     4563.240000000      0.778201757
      682.024000000      1.448694805
      154.973000000      2.383089332
       44.455300000      3.200089012
       13.029000000      3.013004438
        1.827730000      0.247598633
S   3 1.0
       20.964200000      0.800628519
        4.803310000      2.127419891
        1.459330000     -0.002867911
P   3 1.0
       20.964200000      2.573592215
        4.803310000      2.408248223
        1.459330000      1.865281334
S   1 1.0
        0.483456000      0.413216646
P   1 1.0
        0.483456000      0.574627334
S   1 1.0
        0.145585000      0.167976128
P   1 1.0
        0.145585000      0.128184607
D   1 1.0
        0.626000000      1.255958145
****
N  0
S   6 1.0
     6293.480000000      0.991968210
      949.044000000      1.823239730
      218.776000000      2.979890641
       63.691600000      4.000007027
       18.828200000      3.881007690
        2.720230000      0.386764334
S   3 1.0
       30.633100000      1.038501157
        7.026140000      2.834794405
        2.112050000     -0.003208003
P   3 1.0
       30.633100000      3.935615619
        7.026140000      3.870994023
        2.112050000      2.967270758
S   1 1.0
        0.684009000      0.536051424
P   1 1.0
        0.684009000      0.886680909
S   1 1.0
        0.200878000      0.213850059
P   1 1.0
        0.200878000      0.191692693
D   1 1.0
        0.913000000      2.431050297
****
C  0
S   6 1.0
     4563.240000000      0.778201757
      682.024000000      1.448694805
      154.973000000      2.383089332
       44.455300000      3.200089012
       13.029000000      3.013004438
        1.827730000      0.247598633
S   3 1.0
       20.964200000      0.800628519
        4.803310000      2.127419891
        1.459330000     -0.002867911
P   3 1.0
       20.964200000      2.573592215
        4.803310000      2.408248223
        1.459330000      1.865281334
S   1 1.0
        0.483456000      0.413216646
P   1 1.0
        0.483456000      0.574627334
S   1 1.0
        0.145585000      0.167976128
P   1 1.0
        0.145585000      0.128184607
D   1 1.0
        0.626000000      1.255958145
****
C  0
S   6 1.0
     4563.240000000      0.778201757
      682.024000000      1.448694805
      154.973000000      2.383089332
       44.455300000      3.200089012
       13.029000000      3.013004438
        1.827730000      0.247598633
S   3 1.0
       20.964200000      0.800628519
        4.803310000      2.127419891
        1.459330000     -0.002867911
P   3 1.0
       20.964200000      2.573592215
        4.803310000      2.408248223
        1.459330000      1.865281334
S   1 1.0
        0.483456000      0.413216646
P   1 1.0
        0.483456000      0.574627334
S   1 1.0
        0.145585000      0.167976128
P   1 1.0
        0.145585000      0.128184607
D   1 1.0
        0.626000000      1.255958145
****
C  0
S   6 1.0
     4563.240000000      0.778201757
      682.024000000      1.448694805
      154.973000000      2.383089332
       44.455300000      3.200089012
       13.029000000      3.013004438
        1.827730000      0.247598633
S   3 1.0
       20.964200000      0.800628519
        4.803310000      2.127419891
        1.459330000     -0.002867911
P   3 1.0
       20.964200000      2.573592215
        4.803310000      2.408248223
        1.459330000      1.865281334
S   1 1.0
        0.483456000      0.413216646
P   1 1.0
        0.483456000      0.574627334
S   1 1.0
        0.145585000      0.167976128
P   1 1.0
        0.145585000      0.128184607
D   1 1.0
        0.626000000      1.255958145
****
C  0
S   6 1.0
     4563.240000000      0.778201757
      682.024000000      1.448694805
      154.973000000      2.383089332
       44.455300000      3.200089012
       13.029000000      3.013004438
        1.827730000      0.247598633
S   3 1.0
       20.964200000      0.800628519
        4.803310000      2.127419891
        1.459330000     -0.002867911
P   3 1.0
       20.964200000      2.573592215
        4.803310000      2.408248223
        1.459330000      1.865281334
S   1 1.0
        0.483456000      0.413216646
P   1 1.0
        0.483456000      0.574627334
S   1 1.0
        0.145585000      0.167976128
P   1 1.0
        0.145585000      0.128184607
D   1 1.0
        0.626000000      1.255958145
****
C  0
S   6 1.0
     4563.240000000      0.778201757
      682.024000000      1.448694805
      154.973000000      2.383089332
       44.455300000      3.200089012
       13.029000000      3.013004438
        1.827730000      0.247598633
S   3 1.0
       20.964200000      0.800628519
        4.803310000      2.127419891
        1.459330000     -0.002867911
P   3 1.0
       20.964200000      2.573592215
        4.803310000      2.408248223
        1.459330000      1.865281334
S   1 1.0
        0.483456000      0.413216646
P   1 1.0
        0.483456000      0.574627334
S   1 1.0
        0.145585000      0.167976128
P   1 1.0
        0.145585000      0.128184607
D   1 1.0
        0.626000000      1.255958145
****
C  0
S   6 1.0
     4563.240000000      0.778201757
      682.024000000      1.448694805
      154.973000000      2.383089332
       44.455300000      3.200089012
       13.029000000      3.013004438
        1.827730000      0.247598633
S   3 1.0
       20.964200000      0.800628519
        4.803310000      2.127419891
        1.459330000     -0.002867911
P   3 1.0
       20.964200000      2.573592215
        4.803310000      2.408248223
        1.459330000      1.865281334
S   1 1.0
        0.483456000      0.413216646
P   1 1.0
        0.483456000      0.574627334
S   1 1.0
        0.145585000      0.167976128
P   1 1.0
        0.145585000      0.128184607
D   1 1.0
        0.626000000      1.255958145
****
C  0
S   6 1.0
     4563.240000000      0.778201757
      682.024000000      1.448694805
      154.973000000      2.383089332
       44.455300000      3.200089012
       13.029000000      3.013004438
        1.827730000      0.247598633
S   3 1.0
       20.964200000      0.800628519
        4.803310000      2.127419891
        1.459330000     -0.002867911
P   3 1.0
       20.964200000      2.573592215
        4.803310000      2.408248223
        1.459330000      1.865281334
S   1 1.0
        0.483456000      0.413216646
P   1 1.0
        0.483456000      0.574627334
S   1 1.0
        0.145585000      0.167976128
P   1 1.0
        0.145585000      0.128184607
D   1 1.0
        0.626000000      1.255958145
****
N  0
S   6 1.0
     6293.480000000      0.991968210
      949.044000000      1.823239730
      218.776000000      2.979890641
       63.691600000      4.000007027
       18.828200000      3.881007690
        2.720230000      0.386764334
S   3 1.0
       30.633100000      1.038501157
        7.026140000      2.834794405
        2.112050000     -0.003208003
P   3 1.0
       30.633100000      3.935615619
        7.026140000      3.870994023
        2.112050000      2.967270758
S   1 1.0
        0.684009000      0.536051424
P   1 1.0
        0.684009000      0.886680909
S   1 1.0
        0.200878000      0.213850059
P   1 1.0
        0.200878000      0.191692693
D   1 1.0
        0.913000000      2.431050297
****
C  0
S   6 1.0
     4563.240000000      0.778201757
      682.024000000      1.448694805
      154.973000000      2.383089332
       44.455300000      3.200089012
       13.029000000      3.013004438
        1.827730000      0.247598633
S   3 1.0
       20.964200000      0.800628519
        4.803310000      2.127419891
        1.459330000     -0.002867911
P   3 1.0
       20.964200000      2.573592215
        4.803310000      2.408248223
        1.459330000      1.865281334
S   1 1.0
        0.483456000      0.413216646
P   1 1.0
        0.483456000      0.574627334
S   1 1.0
        0.145585000      0.167976128
P   1 1.0
        0.145585000      0.128184607
D   1 1.0
        0.626000000      1.255958145
****
C  0
S   6 1.0
     4563.240000000      0.778201757
      682.024000000      1.448694805
      154.973000000      2.383089332
       44.455300000      3.200089012
       13.029000000      3.013004438
        1.827730000      0.247598633
S   3 1.0
       20.964200000      0.800628519
        4.803310000      2.127419891
        1.459330000     -0.002867911
P   3 1.0
       20.964200000      2.573592215
        4.803310000      2.408248223
        1.459330000      1.865281334
S   1 1.0
        0.483456000      0.413216646
P   1 1.0
        0.483456000      0.574627334
S   1 1.0
        0.145585000      0.167976128
P   1 1.0
        0.145585000      0.128184607
D   1 1.0
        0.626000000      1.255958145
****
C  0
S   6 1.0
     4563.240000000      0.778201757
      682.024000000      1.448694805
      154.973000000      2.383089332
       44.455300000      3.200089012
       13.029000000      3.013004438
        1.827730000      0.247598633
S   3 1.0
       20.964200000      0.800628519
        4.803310000      2.127419891
        1.459330000     -0.002867911
P   3 1.0
       20.964200000      2.573592215
        4.803310000      2.408248223
        1.459330000      1.865281334
S   1 1.0
        0.483456000      0.413216646
P   1 1.0
        0.483456000      0.574627334
S   1 1.0
        0.145585000      0.167976128
P   1 1.0
        0.145585000      0.128184607
D   1 1.0
        0.626000000      1.255958145
****
N  0
S   6 1.0
     6293.480000000      0.991968210
      949.044000000      1.823239730
      218.776000000      2.979890641
       63.691600000      4.000007027
       18.828200000      3.881007690
        2.720230000      0.386764334
S   3 1.0
       30.633100000      1.038501157
        7.026140000      2.834794405
        2.112050000     -0.003208003
P   3 1.0
       30.633100000      3.935615619
        7.026140000      3.870994023
        2.112050000      2.967270758
S   1 1.0
        0.684009000      0.536051424
P   1 1.0
        0.684009000      0.886680909
S   1 1.0
        0.200878000      0.213850059
P   1 1.0
        0.200878000      0.191692693
D   1 1.0
        0.913000000      2.431050297
****
C  0
S   6 1.0
     4563.240000000      0.778201757
      682.024000000      1.448694805
      154.973000000      2.383089332
       44.455300000      3.200089012
       13.029000000      3.013004438
        1.827730000      0.247598633
S   3 1.0
       20.964200000      0.800628519
        4.803310000      2.127419891
        1.459330000     -0.002867911
P   3 1.0
       20.964200000      2.573592215
        4.803310000      2.408248223
        1.459330000      1.865281334
S   1 1.0
        0.483456000      0.413216646
P   1 1.0
        0.483456000      0.574627334
S   1 1.0
        0.145585000      0.167976128
P   1 1.0
        0.145585000      0.128184607
D   1 1.0
        0.626000000      1.255958145
****
C  0
S   6 1.0
     4563.240000000      0.778201757
      682.024000000      1.448694805
      154.973000000      2.383089332
       44.455300000      3.200089012
       13.029000000      3.013004438
        1.827730000      0.247598633
S   3 1.0
       20.964200000      0.800628519
        4.803310000      2.127419891
        1.459330000     -0.002867911
P   3 1.0
       20.964200000      2.573592215
        4.803310000      2.408248223
        1.459330000      1.865281334
S   1 1.0
        0.483456000      0.413216646
P   1 1.0
        0.483456000      0.574627334
S   1 1.0
        0.145585000      0.167976128
P   1 1.0
        0.145585000      0.128184607
D   1 1.0
        0.626000000      1.255958145
****
C  0
S   6 1.0
     4563.240000000      0.778201757
      682.024000000      1.448694805
      154.973000000      2.383089332
       44.455300000      3.200089012
       13.029000000      3.013004438
        1.827730000      0.247598633
S   3 1.0
       20.964200000      0.800628519
        4.803310000      2.127419891
        1.459330000     -0.002867911
P   3 1.0
       20.964200000      2.573592215
        4.803310000      2.408248223
        1.459330000      1.865281334
S   1 1.0
        0.483456000      0.413216646
P   1 1.0
        0.483456000      0.574627334
S   1 1.0
        0.145585000      0.167976128
P   1 1.0
        0.145585000      0.128184607
D   1 1.0
        0.626000000      1.255958145
****
C  0
S   6 1.0
     4563.240000000      0.778201757
      682.024000000      1.448694805
      154.973000000      2.383089332
       44.455300000      3.200089012
       13.029000000      3.013004438
        1.827730000      0.247598633
S   3 1.0
       20.964200000      0.800628519
        4.803310000      2.127419891
        1.459330000     -0.002867911
P   3 1.0
       20.964200000      2.573592215
        4.803310000      2.408248223
        1.459330000      1.865281334
S   1 1.0
        0.483456000      0.413216646
P   1 1.0
        0.483456000      0.574627334
S   1 1.0
        0.145585000      0.167976128
P   1 1.0
        0.145585000      0.128184607
D   1 1.0
        0.626000000      1.255958145
****
C  0
S   6 1.0
     4563.240000000      0.778201757
      682.024000000      1.448694805
      154.973000000      2.383089332
       44.455300000      3.200089012
       13.029000000      3.013004438
        1.827730000      0.247598633
S   3 1.0
       20.964200000      0.800628519
        4.803310000      2.127419891
        1.459330000     -0.002867911
P   3 1.0
       20.964200000      2.573592215
        4.803310000      2.408248223
        1.459330000      1.865281334
S   1 1.0
        0.483456000      0.413216646
P   1 1.0
        0.483456000      0.574627334
S   1 1.0
        0.145585000      0.167976128
P   1 1.0
        0.145585000      0.128184607
D   1 1.0
        0.626000000      1.255958145
****
C  0
S   6 1.0
     4563.240000000      0.778201757
      682.024000000      1.448694805
      154.973000000      2.383089332
       44.455300000      3.200089012
       13.029000000      3.013004438
        1.827730000      0.247598633
S   3 1.0
       20.964200000      0.800628519
        4.803310000      2.127419891
        1.459330000     -0.002867911
P   3 1.0
       20.964200000      2.573592215
        4.803310000      2.408248223
        1.459330000      1.865281334
S   1 1.0
        0.483456000      0.413216646
P   1 1.0
        0.483456000      0.574627334
S   1 1.0
        0.145585000      0.167976128
P   1 1.0
        0.145585000      0.128184607
D   1 1.0
        0.626000000      1.255958145
****
C  0
S   6 1.0
     4563.240000000      0.778201757
      682.024000000      1.448694805
      154.973000000      2.383089332
       44.455300000      3.200089012
       13.029000000      3.013004438
        1.827730000      0.247598633
S   3 1.0
       20.964200000      0.800628519
        4.803310000      2.127419891
        1.459330000     -0.002867911
P   3 1.0
       20.964200000      2.573592215
        4.803310000      2.408248223
        1.459330000      1.865281334
S   1 1.0
        0.483456000      0.413216646
P   1 1.0
        0.483456000      0.574627334
S   1 1.0
        0.145585000      0.167976128
P   1 1.0
        0.145585000      0.128184607
D   1 1.0
        0.626000000      1.255958145
****
N  0
S   6 1.0
     6293.480000000      0.991968210
      949.044000000      1.823239730
      218.776000000      2.979890641
       63.691600000      4.000007027
       18.828200000      3.881007690
        2.720230000      0.386764334
S   3 1.0
       30.633100000      1.038501157
        7.026140000      2.834794405
        2.112050000     -0.003208003
P   3 1.0
       30.633100000      3.935615619
        7.026140000      3.870994023
        2.112050000      2.967270758
S   1 1.0
        0.684009000      0.536051424
P   1 1.0
        0.684009000      0.886680909
S   1 1.0
        0.200878000      0.213850059
P   1 1.0
        0.200878000      0.191692693
D   1 1.0
        0.913000000      2.431050297
****
C  0
S   6 1.0
     4563.240000000      0.778201757
      682.024000000      1.448694805
      154.973000000      2.383089332
       44.455300000      3.200089012
       13.029000000      3.013004438
        1.827730000      0.247598633
S   3 1.0
       20.964200000      0.800628519
        4.803310000      2.127419891
        1.459330000     -0.002867911
P   3 1.0
       20.964200000      2.573592215
        4.803310000      2.408248223
        1.459330000      1.865281334
S   1 1.0
        0.483456000      0.413216646
P   1 1.0
        0.483456000      0.574627334
S   1 1.0
        0.145585000      0.167976128
P   1 1.0
        0.145585000      0.128184607
D   1 1.0
        0.626000000      1.255958145
****
C  0
S   6 1.0
     4563.240000000      0.778201757
      682.024000000      1.448694805
      154.973000000      2.383089332
       44.455300000      3.200089012
       13.029000000      3.013004438
        1.827730000      0.247598633
S   3 1.0
       20.964200000      0.800628519
        4.803310000      2.127419891
        1.459330000     -0.002867911
P   3 1.0
       20.964200000      2.573592215
        4.803310000      2.408248223
        1.459330000      1.865281334
S   1 1.0
        0.483456000      0.413216646
P   1 1.0
        0.483456000      0.574627334
S   1 1.0
        0.145585000      0.167976128
P   1 1.0
        0.145585000      0.128184607
D   1 1.0
        0.626000000      1.255958145
****
C  0
S   6 1.0
     4563.240000000      0.778201757
      682.024000000      1.448694805
      154.973000000      2.383089332
       44.455300000      3.200089012
       13.029000000      3.013004438
        1.827730000      0.247598633
S   3 1.0
       20.964200000      0.800628519
        4.803310000      2.127419891
        1.459330000     -0.002867911
P   3 1.0
       20.964200000      2.573592215
        4.803310000      2.408248223
        1.459330000      1.865281334
S   1 1.0
        0.483456000      0.413216646
P   1 1.0
        0.483456000      0.574627334
S   1 1.0
        0.145585000      0.167976128
P   1 1.0
        0.145585000      0.128184607
D   1 1.0
        0.626000000      1.255958145
****
N  0
S   6 1.0
     6293.480000000      0.991968210
      949.044000000      1.823239730
      218.776000000      2.979890641
       63.691600000      4.000007027
       18.828200000      3.881007690
        2.720230000      0.386764334
S   3 1.0
       30.633100000      1.038501157
        7.026140000      2.834794405
        2.112050000     -0.003208003
P   3 1.0
       30.633100000      3.935615619
        7.026140000      3.870994023
        2.112050000      2.967270758
S   1 1.0
        0.684009000      0.536051424
P   1 1.0
        0.684009000      0.886680909
S   1 1.0
        0.200878000      0.213850059
P   1 1.0
        0.200878000      0.191692693
D   1 1.0
        0.913000000      2.431050297
****
C  0
S   6 1.0
     4563.240000000      0.778201757
      682.024000000      1.448694805
      154.973000000      2.383089332
       44.455300000      3.200089012
       13.029000000      3.013004438
        1.827730000      0.247598633
S   3 1.0
       20.964200000      0.800628519
        4.803310000      2.127419891
        1.459330000     -0.002867911
P   3 1.0
       20.964200000      2.573592215
        4.803310000      2.408248223
        1.459330000      1.865281334
S   1 1.0
        0.483456000      0.413216646
P   1 1.0
        0.483456000      0.574627334
S   1 1.0
        0.145585000      0.167976128
P   1 1.0
        0.145585000      0.128184607
D   1 1.0
        0.626000000      1.255958145
****
C  0
S   6 1.0
     4563.240000000      0.778201757
      682.024000000      1.448694805
      154.973000000      2.383089332
       44.455300000      3.200089012
       13.029000000      3.013004438
        1.827730000      0.247598633
S   3 1.0
       20.964200000      0.800628519
        4.803310000      2.127419891
        1.459330000     -0.002867911
P   3 1.0
       20.964200000      2.573592215
        4.803310000      2.408248223
        1.459330000      1.865281334
S   1 1.0
        0.483456000      0.413216646
P   1 1.0
        0.483456000      0.574627334
S   1 1.0
        0.145585000      0.167976128
P   1 1.0
        0.145585000      0.128184607
D   1 1.0
        0.626000000      1.255958145
****
C  0
S   6 1.0
     4563.240000000      0.778201757
      682.024000000      1.448694805
      154.973000000      2.383089332
       44.455300000      3.200089012
       13.029000000      3.013004438
        1.827730000      0.247598633
S   3 1.0
       20.964200000      0.800628519
        4.803310000      2.127419891
        1.459330000     -0.002867911
P   3 1.0
       20.964200000      2.573592215
        4.803310000      2.408248223
        1.459330000      1.865281334
S   1 1.0
        0.483456000      0.413216646
P   1 1.0
        0.483456000      0.574627334
S   1 1.0
        0.145585000      0.167976128
P   1 1.0
        0.145585000      0.128184607
D   1 1.0
        0.626000000      1.255958145
****
C  0
S   6 1.0
     4563.240000000      0.778201757
      682.024000000      1.448694805
      154.973000000      2.383089332
       44.455300000      3.200089012
       13.029000000      3.013004438
        1.827730000      0.247598633
S   3 1.0
       20.964200000      0.800628519
        4.803310000      2.127419891
        1.459330000     -0.002867911
P   3 1.0
       20.964200000      2.573592215
        4.803310000      2.408248223
        1.459330000      1.865281334
S   1 1.0
        0.483456000      0.413216646
P   1 1.0
        0.483456000      0.574627334
S   1 1.0
        0.145585000      0.167976128
P   1 1.0
        0.145585000      0.128184607
D   1 1.0
        0.626000000      1.255958145
****
Ru  0
S   3 1.0
        2.565000000     -1.506794067
        1.508000000      1.291353947
        0.512900000      0.242456981
S   4 1.0
        2.565000000      1.266868481
        1.508000000     -1.225390863
        0.512900000     -0.362190446
        0.136200000      0.169978355
S   1 1.0
        0.041700000      0.065767621
P   3 1.0
        4.859000000     -0.972528492
        1.219000000      1.357418829
        0.441300000      0.188063212
P   2 1.0
        0.572500000     -0.062527106
        0.083000000      0.065305314
P   1 1.0
        0.025000000      0.014169845
D   3 1.0
        4.195000000      1.702727162
        1.377000000      2.547529397
        0.482800000      0.456793109
D   1 1.0
        0.150100000      0.103189687
****
H  0
S   3 1.0
       33.865000000      0.255069320
        5.094790000      0.460108662
        1.158790000      0.678321446
S   1 1.0
        0.325840000      0.307371354
S   1 1.0
        0.102741000      0.129335556
****
H  0
S   3 1.0
       33.865000000      0.255069320
        5.094790000      0.460108662
        1.158790000      0.678321446
S   1 1.0
        0.325840000      0.307371354
S   1 1.0
        0.102741000      0.129335556
****
H  0
S   3 1.0
       33.865000000      0.255069320
        5.094790000      0.460108662
        1.158790000      0.678321446
S   1 1.0
        0.325840000      0.307371354
S   1 1.0
        0.102741000      0.129335556
****
S  0
S   6 1.0
    93413.400000000      2.829474376
    13961.700000000      5.302947430
     3169.910000000      9.018827726
      902.456000000     13.967823248
      297.158000000     18.793513512
      108.702000000     13.851251762
S   3 1.0
      108.702000000      3.435492322
       43.155300000      7.493659946
       18.107900000      1.772797292
S   1 1.0
        5.560090000      2.580604548
S   1 1.0
        2.131830000      1.257403079
S   1 1.0
        0.420403000      0.372099809
S   1 1.0
        0.136045000      0.159651143
P   4 1.0
      495.040000000     27.655998517
      117.221000000     35.199767963
       37.774900000     37.058320849
       14.058400000     28.910836899
P   2 1.0
        5.565740000      7.478390074
        2.262970000      1.755873658
P   1 1.0
        0.807994000      1.091943727
P   1 1.0
        0.277460000      0.287038773
P   1 1.0
        0.077141000      0.057949096
D   1 1.0
        0.650000000      1.341431368
****
H  0
S   3 1.0
       33.865000000      0.255069320
        5.094790000      0.460108662
        1.158790000      0.678321446
S   1 1.0
        0.325840000      0.307371354
S   1 1.0
        0.102741000      0.129335556
****
H  0
S   3 1.0
       33.865000000      0.255069320
        5.094790000      0.460108662
        1.158790000      0.678321446
S   1 1.0
        0.325840000      0.307371354
S   1 1.0
        0.102741000      0.129335556
****
H  0
S   3 1.0
       33.865000000      0.255069320
        5.094790000      0.460108662
        1.158790000      0.678321446
S   1 1.0
        0.325840000      0.307371354
S   1 1.0
        0.102741000      0.129335556
****
S  0
S   6 1.0
    93413.400000000      2.829474376
    13961.700000000      5.302947430
     3169.910000000      9.018827726
      902.456000000     13.967823248
      297.158000000     18.793513512
      108.702000000     13.851251762
S   3 1.0
      108.702000000      3.435492322
       43.155300000      7.493659946
       18.107900000      1.772797292
S   1 1.0
        5.560090000      2.580604548
S   1 1.0
        2.131830000      1.257403079
S   1 1.0
        0.420403000      0.372099809
S   1 1.0
        0.136045000      0.159651143
P   4 1.0
      495.040000000     27.655998517
      117.221000000     35.199767963
       37.774900000     37.058320849
       14.058400000     28.910836899
P   2 1.0
        5.565740000      7.478390074
        2.262970000      1.755873658
P   1 1.0
        0.807994000      1.091943727
P   1 1.0
        0.277460000      0.287038773
P   1 1.0
        0.077141000      0.057949096
D   1 1.0
        0.650000000      1.341431368
****
H  0
S   3 1.0
       33.865000000      0.255069320
        5.094790000      0.460108662
        1.158790000      0.678321446
S   1 1.0
        0.325840000      0.307371354
S   1 1.0
        0.102741000      0.129335556
****
H  0
S   3 1.0
       33.865000000      0.255069320
        5.094790000      0.460108662
        1.158790000      0.678321446
S   1 1.0
        0.325840000      0.307371354
S   1 1.0
        0.102741000      0.129335556
****
H  0
S   3 1.0
       33.865000000      0.255069320
        5.094790000      0.460108662
        1.158790000      0.678321446
S   1 1.0
        0.325840000      0.307371354
S   1 1.0
        0.102741000      0.129335556
****
H  0
S   3 1.0
       33.865000000      0.255069320
        5.094790000      0.460108662
        1.158790000      0.678321446
S   1 1.0
        0.325840000      0.307371354
S   1 1.0
        0.102741000      0.129335556
****
H  0
S   3 1.0
       33.865000000      0.255069320
        5.094790000      0.460108662
        1.158790000      0.678321446
S   1 1.0
        0.325840000      0.307371354
S   1 1.0
        0.102741000      0.129335556
****
H  0
S   3 1.0
       33.865000000      0.255069320
        5.094790000      0.460108662
        1.158790000      0.678321446
S   1 1.0
        0.325840000      0.307371354
S   1 1.0
        0.102741000      0.129335556
****
H  0
S   3 1.0
       33.865000000      0.255069320
        5.094790000      0.460108662
        1.158790000      0.678321446
S   1 1.0
        0.325840000      0.307371354
S   1 1.0
        0.102741000      0.129335556
****
H  0
S   3 1.0
       33.865000000      0.255069320
        5.094790000      0.460108662
        1.158790000      0.678321446
S   1 1.0
        0.325840000      0.307371354
S   1 1.0
        0.102741000      0.129335556
****
H  0
S   3 1.0
       33.865000000      0.255069320
        5.094790000      0.460108662
        1.158790000      0.678321446
S   1 1.0
        0.325840000      0.307371354
S   1 1.0
        0.102741000      0.129335556
****
H  0
S   3 1.0
       33.865000000      0.255069320
        5.094790000      0.460108662
        1.158790000      0.678321446
S   1 1.0
        0.325840000      0.307371354
S   1 1.0
        0.102741000      0.129335556
****
H  0
S   3 1.0
       33.865000000      0.255069320
        5.094790000      0.460108662
        1.158790000      0.678321446
S   1 1.0
        0.325840000      0.307371354
S   1 1.0
        0.102741000      0.129335556
****
H  0
S   3 1.0
       33.865000000      0.255069320
        5.094790000      0.460108662
        1.158790000      0.678321446
S   1 1.0
        0.325840000      0.307371354
S   1 1.0
        0.102741000      0.129335556
****
H  0
S   3 1.0
       33.865000000      0.255069320
        5.094790000      0.460108662
        1.158790000      0.678321446
S   1 1.0
        0.325840000      0.307371354
S   1 1.0
        0.102741000      0.129335556
****
H  0
S   3 1.0
       33.865000000      0.255069320
        5.094790000      0.460108662
        1.158790000      0.678321446
S   1 1.0
        0.325840000      0.307371354
S   1 1.0
        0.102741000      0.129335556
****
H  0
S   3 1.0
       33.865000000      0.255069320
        5.094790000      0.460108662
        1.158790000      0.678321446
S   1 1.0
        0.325840000      0.307371354
S   1 1.0
        0.102741000      0.129335556
****
H  0
S   3 1.0
       33.865000000      0.255069320
        5.094790000      0.460108662
        1.158790000      0.678321446
S   1 1.0
        0.325840000      0.307371354
S   1 1.0
        0.102741000      0.129335556
END