-------------------------------------------------------------
----------------------- !PROPERTIES! ------------------------
-------------------------------------------------------------
# -----------------------------------------------------------
$ PAL_Flags
   description: The PAL Flags
   geom. index: 1
   prop. index: 1
        Diskflag:     2
# -----------------------------------------------------------
$ SCF_Energy
   description: The SCF energy
   geom. index: 1
   prop. index: 1
        SCF Energy:    -2374.3845648675
# -----------------------------------------------------------
$ DFT_Energy
   description: The DFT energy
   geom. index: 1
   prop. index: 1
   Number of Alpha Electrons                145.0001246798 
   Number of Beta  Electrons                145.0001246798 
   Total number of  Electrons               290.0002493595 
   Exchange energy                         -208.4272518917 
   Correlation energy                       -11.9833582935 
   Correlation energy NL                      0.0000000000 
   Exchange-Correlation energy             -220.4106101852 
   Embedding correction                       0.0000000000 
   Total DFT Energy (No VdW correction)   -2374.3845648675 
# -----------------------------------------------------------
$ Solvation_Details
   description: Details concerning solvation
   geom. index: 1
   prop. index: 1
     Epsilon:               36.6000000000
     Refrac:                 1.3440000000
     RSolv:                  1.3000000000
     Surface Type:                      2
     Number of Points:               3029
     Surface Area:        1834.0963879683
     Dielectric Energy:     -0.2050699468
# -----------------------------------------------------------
$ Mayer_Pop
   description: The Mayer population analysis
   geom. index: 1
   prop. index: 1
     Number of atoms                     : 61
     Threshold for printing              : 0.1000000
     Number of bond orders printed       : 70
  NA   - Mulliken gross atomic population
  ZA   - Total nuclear charge
  QA   - Mulliken gross atomic charge
  VA   - Mayer's total valence
  BVA  - Mayer's bonded valence
  FA   - Mayer's free valence
  ATOM       NA         ZA         QA         VA         BVA        FA
  0   0     6.0856     6.0000    -0.0856     3.8177     3.8177    -0.0000
  1   0     6.2536     6.0000    -0.2536     3.9231     3.9231     0.0000
  2   0     5.9931     6.0000     0.0069     3.8118     3.8118    -0.0000
  3   0     7.5427     7.0000    -0.5427     3.1794     3.1794    -0.0000
  4   0     5.6193     6.0000     0.3807     3.6884     3.6884    -0.0000
  5   0     6.2992     6.0000    -0.2992     3.9567     3.9567    -0.0000
  6   0     5.6222     6.0000     0.3778     3.6905     3.6905    -0.0000
  7   0     7.5423     7.0000    -0.5423     3.1796     3.1796    -0.0000
  8   0     5.9931     6.0000     0.0069     3.8120     3.8120     0.0000
  9   0     6.2530     6.0000    -0.2530     3.9224     3.9224    -0.0000
 10   0     6.0860     6.0000    -0.0860     3.8179     3.8179     0.0000
 11   0     6.2981     6.0000    -0.2981     3.9562     3.9562    -0.0000
 12   0     6.1052     6.0000    -0.1052     3.8252     3.8252     0.0000
 13   0     6.2611     6.0000    -0.2611     3.9114     3.9114     0.0000
 14   0     5.9914     6.0000     0.0086     3.8228     3.8228     0.0000
 15   0     7.5458     7.0000    -0.5458     3.1692     3.1692     0.0000
 16   0     5.7215     6.0000     0.2785     3.8025     3.8025    -0.0000
 17   0     6.2473     6.0000    -0.2473     3.8915     3.8915    -0.0000
 18   0     5.7133     6.0000     0.2867     3.7951     3.7951    -0.0000
 19   0     7.5491     7.0000    -0.5491     3.1684     3.1684    -0.0000
 20   0     5.9958     6.0000     0.0042     3.8208     3.8208    -0.0000
 21   0     6.2601     6.0000    -0.2601     3.9068     3.9068     0.0000
 22   0     6.1043     6.0000    -0.1043     3.8246     3.8246    -0.0000
 23   0     6.2483     6.0000    -0.2483     3.8921     3.8921    -0.0000
 24   0     6.1051     6.0000    -0.1051     3.8250     3.8250    -0.0000
 25   0     6.2596     6.0000    -0.2596     3.9062     3.9062    -0.0000
 26   0     5.9963     6.0000     0.0037     3.8211     3.8211    -0.0000
 27   0     7.5492     7.0000    -0.5492     3.1675     3.1675    -0.0000
 28   0     5.7128     6.0000     0.2872     3.7935     3.7935    -0.0000
 29   0     6.2477     6.0000    -0.2477     3.8917     3.8917    -0.0000
 30   0     5.7216     6.0000     0.2784     3.8038     3.8038    -0.0000
 31   0     7.5457     7.0000    -0.5457     3.1698     3.1698    -0.0000
 32   0     5.9920     6.0000     0.0080     3.8223     3.8223    -0.0000
 33   0     6.2608     6.0000    -0.2608     3.9111     3.9111    -0.0000
 34   0     6.1052     6.0000    -0.1052     3.8259     3.8259     0.0000
 35   0     6.2470     6.0000    -0.2470     3.8923     3.8923     0.0000
 36   0    14.9432    16.0000     1.0568     2.6287     2.6287     0.0000
 37   0     0.7314     1.0000     0.2686     0.8964     0.8964     0.0000
 38   0     0.7427     1.0000     0.2573     0.9111     0.9111     0.0000
 39   0     0.7237     1.0000     0.2763     0.8943     0.8943     0.0000
 40   0    15.8665    16.0000     0.1335     2.0065     2.0065     0.0000
 41   0     0.7241     1.0000     0.2759     0.8944     0.8944    -0.0000
 42   0     0.7427     1.0000     0.2573     0.9111     0.9111     0.0000
 43   0     0.7313     1.0000     0.2687     0.8963     0.8963     0.0000
 44   0    15.8664    16.0000     0.1336     2.0063     2.0063     0.0000
 45   0     0.7471     1.0000     0.2529     0.9073     0.9073     0.0000
 46   0     0.7500     1.0000     0.2500     0.9145     0.9145    -0.0000
 47   0     0.7306     1.0000     0.2694     0.8937     0.8937     0.0000
 48   0     0.7370     1.0000     0.2630     0.9054     0.9054    -0.0000
 49   0     0.7276     1.0000     0.2724     0.8959     0.8959    -0.0000
 50   0     0.7500     1.0000     0.2500     0.9142     0.9142     0.0000
 51   0     0.7474     1.0000     0.2526     0.9074     0.9074    -0.0000
 52   0     0.7374     1.0000     0.2626     0.9057     0.9057     0.0000
 53   0     0.7472     1.0000     0.2528     0.9073     0.9073    -0.0000
 54   0     0.7497     1.0000     0.2503     0.9141     0.9141    -0.0000
 55   0     0.7277     1.0000     0.2723     0.8960     0.8960    -0.0000
 56   0     0.7375     1.0000     0.2625     0.9058     0.9058    -0.0000
 57   0     0.7300     1.0000     0.2700     0.8934     0.8934    -0.0000
 58   0     0.7500     1.0000     0.2500     0.9145     0.9145    -0.0000
 59   0     0.7471     1.0000     0.2529     0.9073     0.9073     0.0000
 60   0     0.7377     1.0000     0.2623     0.9057     0.9057    -0.0000
      Bond orders larger than 0.1000000
           Atom A     A.N. of A          Atom B    A.N. of B              Bond order
                0             6               1            6                1.419641
                0             6               5            6                1.391551
                0             6              37            1                0.909908
                1             6               2            6                1.432611
                1             6              38            1                0.913356
                2             6               3            7                1.388740
                2             6              39            1                0.896407
                3             7               4            6                1.143356
                3             7              36           44                0.388589
                4             6               5            6                1.313725
                4             6               6            6                1.133026
                5             6              40           16                1.054255
                6             6               7            7                1.144017
                6             6              11            6                1.313622
                7             7               8            6                1.388863
                7             7              36           44                0.388502
                8             6               9            6                1.432245
                8             6              41            1                0.896647
                9             6              10            6                1.419577
                9             6              42            1                0.913449
               10             6              11            6                1.391531
               10             6              43            1                0.909939
               11             6              44           16                1.054072
               12             6              13            6                1.407637
               12             6              17            6                1.436657
               12             6              45            1                0.919711
               13             6              14            6                1.446216
               13             6              46            1                0.917844
               14             6              15            7                1.393853
               14             6              47            1                0.899220
               15             7              16            6                1.136204
               15             7              36           44                0.387293
               16             6              17            6                1.420293
               16             6              18            6                1.131110
               17             6              48            1                0.897859
               18             6              19            7                1.132207
               18             6              23            6                1.420585
               19             7              20            6                1.393524
               19             7              36           44                0.389497
               20             6              21            6                1.442898
               20             6              49            1                0.897872
               21             6              22            6                1.406960
               21             6              50            1                0.917870
               22             6              23            6                1.436832
               22             6              51            1                0.919875
               23             6              52            1                0.898032
               24             6              25            6                1.406871
               24             6              29            6                1.437310
               24             6              53            1                0.919789
               25             6              26            6                1.442963
               25             6              54            1                0.917792
               26             6              27            7                1.393487
               26             6              55            1                0.897947
               27             7              28            6                1.131931
               27             7              36           44                0.389125
               28             6              29            6                1.420088
               28             6              30            6                1.131148
               29             6              56            1                0.898158
               30             6              31            7                1.137157
               30             6              35            6                1.419980
               31             7              32            6                1.393870
               31             7              36           44                0.387067
               32             6              33            6                1.445781
               32             6              57            1                0.899089
               33             6              34            6                1.407801
               33             6              58            1                0.917763
               34             6              35            6                1.437102
               34             6              59            1                0.919688
               35             6              60            1                0.898095
               40            16              44           16                0.849815
# -----------------------------------------------------------
$ CIS_ABS
   description: The CIS absorption spectrum 
   geom. index: 1
   prop. index: 1
        Number of roots:  10
        The CIS Absorption Spectrum :
                  0          1          2          3          4          5    
      0       0.083516   0.000579   0.010401  -0.002426   0.030336  -0.097341
      1       0.090331   0.002211   0.036707   0.115058   0.100570   0.115561
      2       0.095592   0.115637   1.814540   1.010731  -0.830829  -0.320446
      3       0.098695   0.007401   0.112485  -0.077770   0.033016  -0.324572
      4       0.100014   0.002014   0.030203  -0.146460   0.074483   0.056609
      5       0.078793   0.003156   0.060076   0.071293  -0.013463   0.234120
      6       0.083217   0.036036   0.649565   0.154273  -0.078688   0.787129
      7       0.084533   0.215655   3.826682   1.473139  -1.203657  -0.455801
      8       0.088137   0.000828   0.014093  -0.060466  -0.089440   0.049370
      9       0.093361   0.001691   0.027167   0.121234  -0.093693  -0.060755
        The CIS Absorption Spectrum (Velocity):
                  0          1          2          3          4          5    
      0       0.083516   0.000079   0.000010  -0.000575  -0.001438   0.002734
      1       0.090331   0.003697   0.000501  -0.013356  -0.011304  -0.013958
      2       0.095592   0.117739   0.016882  -0.097493   0.080136   0.030914
      3       0.098695   0.012008   0.001778   0.012197  -0.000925   0.040349
      4       0.100014   0.001336   0.000200   0.011613  -0.007501  -0.003049
      5       0.078793   0.006303   0.000745  -0.008293   0.000655  -0.025995
      6       0.083217   0.043327   0.005408  -0.017803   0.002744  -0.071301
      7       0.084533   0.208849   0.026482  -0.122582   0.100114   0.037853
      8       0.088137   0.001064   0.000141   0.005809   0.008814  -0.005406
      9       0.093361   0.002599   0.000364  -0.014222   0.010782   0.006744
# -----------------------------------------------------------
$ CIS_CD
   description: The CIS CD spectrum 
   geom. index: 1
   prop. index: 1
        Number of roots:  10
        The CIS CD Spectrum:
                  0          1          2          3    
      0      -7.622339  -0.188081  -0.264034   0.088497
      1     -11.263254  -0.065248  -0.038119  -0.108598
      2     -22.519602  -0.027259   0.021681   0.006871
      3      26.425994  -0.302459  -0.319566  -0.132732
      4       4.762913  -0.058809   0.079672  -0.078515
      5       5.017173  -0.134280  -0.192267   0.075290
      6      20.879651   0.267812   0.314004   0.035166
      7     -31.268942  -0.021942   0.025257   0.007899
      8      -5.022341   0.152356   0.116065   0.181090
      9     -18.792633  -0.186449   0.159282   0.038411
# -----------------------------------------------------------
$ VdW_Correction
   description: The Van der Waals Correction
   geom. index: 1
   prop. index: 1
        Van der Waals Correction:       -0.1996467272
# -----------------------------------------------------------
$ Calculation_Info
   description: Details of the calculation
   geom. index: 1
   prop. index: 1
     Multiplicity:                          1
     Charge:                                2
     number of atoms:                       61
     number of electrons:                   0
     number of frozen core electrons:       1
     number of correlated electrons:        0
     number of basis functions:             788
     number of aux C basis functions:       5475
     number of aux J basis functions:       5475
     number of aux JK basis functions:      5475
     number of aux CABS basis functions:    0
     Total Energy                           -2374.500696
# -----------------------------------------------------------
$ SCF_Electric_Properties
   description: The SCF Calculated Electric Properties
   geom. index: 1
   prop. index: 1
       Filename                          : tddft_pysoc.scfp 
       Do Dipole Moment Calculation      : true 
       Do Quadrupole Moment Calculation  : false 
       Do Polarizability Calculation     : false 
** Dipole moment part of electric properties **
        Magnitude of dipole moment (Debye) :        8.4807722752
        Electronic Contribution:
                  0    
      0     -13.046505
      1      10.547870
      2       4.040708
        Nuclear Contribution:
                  0    
      0      10.542235
      1      -8.490142
      2      -3.249011
        Total Dipole moment:
                  0    
      0      -2.504270
      1       2.057728
      2       0.791696
# -------------------------------------------------------------
----------------------- !GEOMETRIES! ------------------------
# -------------------------------------------------------------
------------------------ !GEOMETRY! -------------------------
    Number of atoms:    61 
    Geometry Index:     1 
    Coordinates:
               0 C      2.987861604342   -2.857205646085    1.972430887634
               1 C      2.269081896590   -2.017446580326    2.813674671754
               2 C      1.343594436340   -1.145145813726    2.261244577784
               3 N      1.138481973085   -1.066690683835    0.937243887756
               4 C      1.870399677578   -1.834972583283    0.088088618710
               5 C      2.782472153286   -2.775145428450    0.596499285916
               6 C      1.583400380153   -1.635229379792   -1.342657139310
               7 N      0.473759060948   -0.898039150375   -1.611998184353
               8 C      0.101697863131   -0.682694264387   -2.883295775489
               9 C      0.833321677928   -1.165274296122   -3.957839630584
              10 C      2.004219926249   -1.870698182059   -3.711539815199
              11 C      2.391640200320   -2.101682453948   -2.392962610459
              12 C      2.379665224885    4.006844686874    0.228609579753
              13 C      2.566000569385    3.111004869320   -0.819630071791
              14 C      1.766899093289    1.978993574828   -0.880360953156
              15 N      0.818846393884    1.716628625118    0.033404728112
              16 C      0.629250802189    2.583840208628    1.064021430637
              17 C      1.401857405286    3.738658633115    1.178518764028
              18 C     -0.429590416207    2.210704894335    2.017694185240
              19 N     -1.052165854290    1.028954074336    1.764281684000
              20 C     -2.029770156515    0.608570448933    2.583172145773
              21 C     -2.433266816814    1.336877634007    3.692372053569
              22 C     -1.803811880084    2.548159009192    3.962821810436
              23 C     -0.793292287230    2.987496588381    3.116553947545
              24 C     -4.316940271455    1.852202385010   -2.204730628717
              25 C     -3.178542397311    2.644575384241   -2.091143764454
              26 C     -2.061094899866    2.119843546276   -1.459132999984
              27 N     -2.038537667807    0.875420093704   -0.955077094336
              28 C     -3.145355537015    0.092608046753   -1.056972543197
              29 C     -4.298152300350    0.564832468132   -1.682591345712
              30 C     -3.022743269357   -1.253998026777   -0.472408233763
              31 N     -1.829294154674   -1.526552474262    0.120021082775
              32 C     -1.631122089657   -2.732544118100    0.675827801657
              33 C     -2.604509547217   -3.720552934913    0.676483073997
              34 C     -3.830986635432   -3.452154695138    0.076575713170
              35 C     -4.039887378250   -2.206890322261   -0.503013746431
              36 Ru    -0.413345906858    0.020168931546    0.047014807707
              37 H      3.695605057025   -3.572660712632    2.373661427038
              38 H      2.408688437666   -2.047226153592    3.886886425043
              39 H      0.730327301508   -0.504620022420    2.879150143576
              40 S      3.523372092462   -4.013567469038   -0.449423553061
              41 H     -0.791364420048   -0.091097290390   -3.025974965178
              42 H      0.496983011812   -0.974265657708   -4.969051348487
              43 H      2.616650588338   -2.233873266275   -4.528233048075
              44 S      4.007808975353   -2.789583199761   -2.089771909721
              45 H      2.985560749904    4.901561434304    0.308865700618
              46 H      3.316268602676    3.277811995190   -1.582333673591
              47 H      1.877353162326    1.260020143197   -1.680219828797
              48 H      1.245973878346    4.422955632456    2.001291435508
              49 H     -2.486652804908   -0.339017464093    2.333557514625
              50 H     -3.225533173588    0.955319192480    4.324076859026
              51 H     -2.094047862266    3.144910787823    4.819338004367
              52 H     -0.296745775469    3.928168172416    3.311708966129
              53 H     -5.208180929441    2.228720482412   -2.692568239561
              54 H     -3.147960023041    3.653540319785   -2.482868692928
              55 H     -1.151410148041    2.694367511459   -1.351298260782
              56 H     -5.175162011921   -0.062632800502   -1.762937801584
              57 H     -0.666071782024   -2.897420630127    1.134189427172
              58 H     -2.396282367893   -4.676716057303    1.139923271137
              59 H     -4.615132241198   -4.199657173512    0.057833632402
              60 H     -4.986950950058   -1.984034363058   -0.975225725892
